Computed positions:

  Row:       1             2       
  Col
    1     0.000000    0.000000
    2   -28.873286   -0.000000
    3   -79.291579   21.403332
    4   -14.657737   43.389550
    5   -64.747261  -21.898170
    6   -29.058469   43.216729
    7   -72.078532   -0.181582
    8   -36.036649   21.613549
    9   -50.480838   -7.374471
   10   -50.585902   21.588197
   11    -0.135820   28.729290
   12   -65.086563   36.062470
   13   -21.498326   -7.319416
   14   -57.568724   43.250557
   15   -43.070026  -14.554839